#seq 0
extrinsic_T: [1.10224300227947114017, -0.31907193090961522008, 0.74606594262356318303]
extrinsic_R: [0.00119668989553408842, -0.00924124339776233664, 0.99995649322788893176,
-0.99997657794423655542, -0.00674880835719474624, 0.00113434291244420417,
0.00673803681368952308, -0.99993453087949002445, -0.00924910323549299994]
#seq 1
extrinsic_T: [1.10224300227947114017, -0.31907193090961522008, 0.74606594262356318303]
extrinsic_R: [0.00119668989553408842, -0.00924124339776233664, 0.99995649322788893176,
-0.99997657794423655542, -0.00674880835719474624, 0.00113434291244420417,
0.00673803681368952308, -0.99993453087949002445, -0.00924910323549299994]
#seq 2
extrinsic_T: [1.10224300227947114017, -0.31907193090961522008, 0.74606594262356318303]
extrinsic_R: [0.00119668989553408842, -0.00924124339776233664, 0.99995649322788893176,
-0.99997657794423655542, -0.00674880835719474624, 0.00113434291244420417,
0.00673803681368952308, -0.99993453087949002445, -0.00924910323549299994]
#seq 3
extrinsic_T: [1.08330189300022761145, -0.30988888740743336658, 0.72991985432037043147]
extrinsic_R: [0.00099874720565658586, 0.00841690182755469238, 0.99996404869665578286,
-0.99999038207107726617, -0.00425082113606806318, 0.00103455328422636912,
0.00425937848763790951, -0.99995556967527865488, 0.00841257520873364695]
#seq 4
extrinsic_T: [1.14389863581242856583, -0.31271845752719351630, 0.72654609868380570781]
extrinsic_R: [-0.00108863514261120509, -0.00851207213646971821, 0.99996317699679981850,
-0.99997634720092720695, -0.00677767115180164144, -0.00114634292562334908,
0.00678718180040792981, -0.99994087157728128723, -0.00850449310298538250]
#seq 5
extrinsic_T: [1.14389863581242856583, -0.31271845752719351630, 0.72654609868380570781]
extrinsic_R: [-0.00108863514261120509, -0.00851207213646971821, 0.99996317699679981850,
-0.99997634720092720695, -0.00677767115180164144, -0.00114634292562334908,
0.00678718180040792981, -0.99994087157728128723, -0.00850449310298538250]
#seq 6
extrinsic_T: [1.14389863581242856583, -0.31271845752719351630, 0.72654609868380570781]
extrinsic_R: [-0.00108863514261120509, -0.00851207213646971821, 0.99996317699679981850,
-0.99997634720092720695, -0.00677767115180164144, -0.00114634292562334908,
0.00678718180040792981, -0.99994087157728128723, -0.00850449310298538250]
#seq 7
extrinsic_T: [1.14389863581242856583, -0.31271845752719351630, 0.72654609868380570781]
extrinsic_R: [-0.00108863514261120509, -0.00851207213646971821, 0.99996317699679981850,
-0.99997634720092720695, -0.00677767115180164144, -0.00114634292562334908,
0.00678718180040792981, -0.99994087157728128723, -0.00850449310298538250]
#seq 8
extrinsic_T: [1.14389863581242856583, -0.31271845752719351630, 0.72654609868380570781]
extrinsic_R: [-0.00108863514261120509, -0.00851207213646971821, 0.99996317699679981850,
-0.99997634720092720695, -0.00677767115180164144, -0.00114634292562334908,
0.00678718180040792981, -0.99994087157728128723, -0.00850449310298538250]
#seq 9
extrinsic_T: [1.14389863581242856583, -0.31271845752719351630, 0.72654609868380570781]
extrinsic_R: [-0.00108863514261120509, -0.00851207213646971821, 0.99996317699679981850,
-0.99997634720092720695, -0.00677767115180164144, -0.00114634292562334908,
0.00678718180040792981, -0.99994087157728128723, -0.00850449310298538250]
#seq 10
extrinsic_T: [1.14389863581242856583, -0.31271845752719351630, 0.72654609868380570781]
extrinsic_R: [-0.00108863514261120509, -0.00851207213646971821, 0.99996317699679981850,
-0.99997634720092720695, -0.00677767115180164144, -0.00114634292562334908,
0.00678718180040792981, -0.99994087157728128723, -0.00850449310298538250]
